>> A

A =

     1     2     3
    -1     2     1
     4     3    -2

>> norm(A)

ans =

    5.4860

>> A=A./5

A =

    0.2000    0.4000    0.6000
   -0.2000    0.4000    0.2000
    0.8000    0.6000   -0.4000

>> norm(A)

ans =

    1.0972

>> A=A./6

A =

    0.0333    0.0667    0.1000
   -0.0333    0.0667    0.0333
    0.1333    0.1000   -0.0667

>> norm(A)

ans =

    0.1829

>> 